# Blender v3.0.0 OBJ File: ''
# www.blender.org
mtllib sc2.mtl
o Cube.001
v 1.000000 1.000000 0.570219
v 1.000000 -1.000000 0.570219
v 1.000000 1.000000 2.570219
v 1.000000 -1.000000 2.570219
v -1.000000 1.000000 0.570219
v -1.000000 -1.000000 0.570219
v -1.000000 1.000000 2.570219
v -1.000000 -1.000000 2.570219
vt 0.625000 0.500000
vt 0.875000 0.500000
vt 0.875000 0.750000
vt 0.625000 0.750000
vt 0.375000 0.750000
vt 0.625000 1.000000
vt 0.375000 1.000000
vt 0.375000 0.000000
vt 0.625000 0.000000
vt 0.625000 0.250000
vt 0.375000 0.250000
vt 0.125000 0.500000
vt 0.375000 0.500000
vt 0.125000 0.750000
vn 0.0000 1.0000 0.0000
vn 0.0000 0.0000 1.0000
vn -1.0000 0.0000 0.0000
vn 0.0000 -1.0000 0.0000
vn 1.0000 0.0000 0.0000
vn 0.0000 0.0000 -1.0000
usemtl Material.001
s off
f 1/1/1 5/2/1 7/3/1 3/4/1
f 4/5/2 3/4/2 7/6/2 8/7/2
/f 8/8/3 7/9/3 5/10/3 6/11/3
/f 6/12/4 2/13/4 4/5/4 8/14/4
f 2/13/5 1/1/5 3/4/5 4/5/5
/f 6/11/6 5/10/6 1/1/6 2/13/6
o Cube.002
v -0.861819 0.420709 -1.232111
v -0.861819 -0.896493 -1.232111
v -0.268891 0.420709 -0.055906
v -0.268891 -0.896493 -0.055906
v -2.038024 0.420709 -0.639183
v -2.038024 -0.896493 -0.639183
v -1.445096 0.420709 0.537022
v -1.445096 -0.896493 0.537022
vt 0.625000 0.500000
vt 0.875000 0.500000
vt 0.875000 0.750000
vt 0.625000 0.750000
vt 0.375000 0.750000
vt 0.625000 1.000000
vt 0.375000 1.000000
vt 0.375000 0.000000
vt 0.625000 0.000000
vt 0.625000 0.250000
vt 0.375000 0.250000
vt 0.125000 0.500000
vt 0.375000 0.500000
vt 0.125000 0.750000
vn 0.0000 1.0000 0.0000
vn 0.4501 0.0000 0.8930
vn -0.8930 0.0000 0.4501
vn 0.0000 -1.0000 0.0000
vn 0.8930 0.0000 -0.4501
vn -0.4501 0.0000 -0.8930
usemtl Material.002
s off
f 9/15/7 13/16/7 15/17/7 11/18/7
f 12/19/8 11/18/8 15/20/8 16/21/8
f 16/22/9 15/23/9 13/24/9 14/25/9
f 14/26/10 10/27/10 12/19/10 16/28/10
f 10/27/11 9/15/11 11/18/11 12/19/11
f 14/25/12 13/24/12 9/15/12 10/27/12
o Cube.003
v 0.295229 1.707983 1.564483
v 0.295229 0.988598 1.564483
v -0.184662 1.707983 2.100412
v -0.184662 0.988598 2.100412
v -0.240700 1.707983 1.084591
v -0.240700 0.988598 1.084591
v -0.720591 1.707983 1.620520
v -0.720591 0.988598 1.620520
vt 0.625000 0.500000
vt 0.875000 0.500000
vt 0.875000 0.750000
vt 0.625000 0.750000
vt 0.375000 0.750000
vt 0.625000 1.000000
vt 0.375000 1.000000
vt 0.375000 0.000000
vt 0.625000 0.000000
vt 0.625000 0.250000
vt 0.375000 0.250000
vt 0.125000 0.500000
vt 0.375000 0.500000
vt 0.125000 0.750000
vn 0.0000 1.0000 0.0000
vn -0.6671 0.0000 0.7450
vn -0.7450 0.0000 -0.6671
vn 0.0000 -1.0000 0.0000
vn 0.7450 0.0000 0.6671
vn 0.6671 0.0000 -0.7450
usemtl Material.003
s off
f 17/29/13 21/30/13 23/31/13 19/32/13
f 20/33/14 19/32/14 23/34/14 24/35/14
f 24/36/15 23/37/15 21/38/15 22/39/15
f 22/40/16 18/41/16 20/33/16 24/42/16
f 18/41/17 17/29/17 19/32/17 20/33/17
f 22/39/18 21/38/18 17/29/18 18/41/18
o Cube.004
v 3.366423 2.036667 -2.042141
v 3.366423 -0.867564 -2.042141
v 1.937168 2.036667 0.486058
v 1.937168 -0.867564 0.486058
v 0.838224 2.036667 -3.471397
v 0.838224 -0.867564 -3.471397
v -0.591031 2.036667 -0.943198
v -0.591031 -0.867564 -0.943198
vt 0.625000 0.500000
vt 0.875000 0.500000
vt 0.875000 0.750000
vt 0.625000 0.750000
vt 0.375000 0.750000
vt 0.625000 1.000000
vt 0.375000 1.000000
vt 0.375000 0.000000
vt 0.625000 0.000000
vt 0.625000 0.250000
vt 0.375000 0.250000
vt 0.125000 0.500000
vt 0.375000 0.500000
vt 0.125000 0.750000
vn 0.0000 1.0000 0.0000
vn -0.4921 0.0000 0.8705
vn -0.8705 0.0000 -0.4921
vn 0.0000 -1.0000 0.0000
vn 0.8705 0.0000 0.4921
vn 0.4921 0.0000 -0.8705
usemtl Material.004
s off
f 25/43/19 29/44/19 31/45/19 27/46/19
f 28/47/20 27/46/20 31/48/20 32/49/20
f 32/50/21 31/51/21 29/52/21 30/53/21
f 30/54/22 26/55/22 28/47/22 32/56/22
f 26/55/23 25/43/23 27/46/23 28/47/23
f 30/53/24 29/52/24 25/43/24 26/55/24
